57 39 33
39 47 53
47 13 17
13 12 26
12 25 56
12 37 54
12 26 45
25 34 23
34 31 29
26 58 35 
34 58 30
61 6 53
51 6 41
117 63 20
63 8 24
131 31 25
131 58 23
58 89 15
131 6 41
6 118 31
89 16 18
99 83 33
83 50 29
78 50 27
56 78 26
79 50 29
56 79 62
79 108 59
108 60 26
60 81 18
81 53 8
81 8 14
47 67 24
67 40 31
40 37 21
37 36 34
40 36 26
23 95 17
95 38 16
38 65 13
65 9 19
9 73 5
9 7 25
114 14 22
114 43 16
73 43 11
14 132 12
132 21 8
21 87 34
87 90 21
90 54 17
54 94 18
87 135 33
135 70 11
135 106 52
106 59 37
106 56 33
69 57 28
18 39 27
69 96 48
18 96 27
18 22 37
22 2 19
6 79 34
134 79 29
134 118 26
118 71 29
134 84 7
84 76 16
76 71 19
71 72 21
71 16 26
96 23 25
2 80 21
80 7 24
7 24 19
7 41 17
119 80 17
66 119 10
20 66 9
67 20 26
97 4 13
97 46 15
4 36 20
36 16 23
7 48 12
48 28 6
28 133 16
133 111 13
111 94 20
94 85 11
85 77 21
85 52 9
52 101 10
7 52 21
77 59 22
59 82 31
101 82 15
82 75 14
75 56 28
46 24 12
111 28 15
24 88 11
88 45 12
45 103 10
103 16 14
24 110 14
110 102 12
72 110 10
41 110 16
102 74 16
74 32 11
32 35 17
35 79 28
